<?xml version="1.0" encoding="UTF-8" standalone="no" ?>
<SimscapeMultibodyImportXML version="2.0" xmlns="urn:mathworks:SimscapeMultibody:import" xmlns:xsi="http://www.w3.org/2001/XMLSchema-instance">
<Created by="" on="04/05/19||18:48:36" using="Simscape Multibody Link Version 6.0" from="SolidWorks 26.3.0"/>
<ModelUnits mass="kilogram" length="millimeter"/>
<DataUnits mass="kilogram" length="meter"/>
<RootAssembly name="Monkey_proto_with_hand" uid="Monkey_proto_with_hand" version="250">
<AssemblyFile name="Monkey_proto_with_hand.SLDASM" type="SolidWorks Assembly"/>
<InstanceTree>
<Instance name="monkey_body-1" uid="monkey_body-1" entityUid="monkey_body" rigid="true">
<Transform>
<Rotation>1 0 0 0 1 0 0 0 1</Rotation>
<Translation>-0.019397722690043782 0.016518114575125122 -0.01391133036446702</Translation>
</Transform>
<Instance name="ShoulderMount-2" uid="ShoulderMount-2" entityUid="ShoulderMount*:*Default">
<Transform>
<Rotation>-0.99999999999999989 -6.9944050551384862e-15 3.8857805861880479e-16 4.163336342344337e-16 -4.5302029775730154e-16 0.99999999999999978 -6.9944050551384854e-15 0.99999999999999989 4.530202977573044e-16</Rotation>
<Translation>0 0.043499999999990074 0</Translation>
</Transform>
</Instance>
<Instance name="ShoulderMount-1" uid="ShoulderMount-1" entityUid="ShoulderMount*:*Default">
<Transform>
<Rotation>0.99999999999999989 -7.4107386893729231e-15 -6.6613381477508781e-16 -6.6613381477509392e-16 -8.1871227925726816e-16 -0.99999999999999989 7.4107386893729215e-15 1 -8.1871227925727299e-16</Rotation>
<Translation>0 -0.19542000000000997 0</Translation>
</Transform>
</Instance>
<Instance name="MountPlate-1" uid="MountPlate-1" entityUid="MountPlate*:*Default">
<Transform>
<Rotation>-2.4980018054066022e-16 -5.4972350316874031e-16 -1.0000000000000002 -1.0000000000000002 2.2204460492503155e-16 2.4980018054066022e-16 2.2204460492503126e-16 1 -5.4972350316874021e-16</Rotation>
<Translation>-0.036769000000000024 -0.018810000000009292 -0.022999999999999125</Translation>
</Transform>
</Instance>
<Instance name="Electronic_Layer-1" uid="Electronic_Layer-1" entityUid="Electronic_Layer" rigid="true">
<Transform>
<Rotation>0 -1.527247296442372e-15 1 1 -1.1591522692465255e-15 0 1.1591522692465253e-15 1 1.527247296442372e-15</Rotation>
<Translation>-0.074309092866939083 -0.12558726678476076 -0.20794759375957303</Translation>
</Transform>
<Instance name="Battery-1" uid="Battery-1" entityUid="Battery*:*Default">
<Transform>
<Rotation>0 -1 -1.2143064331837652e-16 -1 0 0 0 1.214306433183765e-16 -1</Rotation>
<Translation>0.11962726678475175 0.12914759375957374 0.048120092866939301</Translation>
</Transform>
</Instance>
<Instance name="MountPlate-2" uid="MountPlate-2" entityUid="MountPlate*:*Default">
<Transform>
<Rotation>1 0 0 0 1 0 0 0 1</Rotation>
<Translation>-0.0075227332152482534 0.12914759375957374 0.11120009286693931</Translation>
</Transform>
</Instance>
<Instance name="93505A178_ALUM MALE-FEM THRDED HEX STANDOFF-2" uid="93505A178_ALUM MALE-FEM THRDED HEX STANDOFF-2" entityUid="93505A178_ALUM MALE-FEM THRDED HEX STANDOFF*:*93505A178">
<Transform>
<Rotation>0 0.9541475442048245 0.29933670654950228 -1 0 0 0 -0.29933670654950234 0.9541475442048245</Rotation>
<Translation>9.7266784751734447e-05 0.14208509375957373 0.045160092866939332</Translation>
</Transform>
</Instance>
<Instance name="93505A178_ALUM MALE-FEM THRDED HEX STANDOFF-4" uid="93505A178_ALUM MALE-FEM THRDED HEX STANDOFF-4" entityUid="93505A178_ALUM MALE-FEM THRDED HEX STANDOFF*:*93505A178">
<Transform>
<Rotation>0 0.99666064926278775 -0.081655068495950958 -1 0 0 0 0.081655068495950958 0.99666064926278775</Rotation>
<Translation>0.09915726678475173 0.14208509375957371 0.045160092866939332</Translation>
</Transform>
</Instance>
<Instance name="93505A178_ALUM MALE-FEM THRDED HEX STANDOFF-1" uid="93505A178_ALUM MALE-FEM THRDED HEX STANDOFF-1" entityUid="93505A178_ALUM MALE-FEM THRDED HEX STANDOFF*:*93505A178">
<Transform>
<Rotation>0 0.83951914980746623 -0.54333009957718059 -1 0 0 0 0.54333009957718059 0.83951914980746623</Rotation>
<Translation>9.7266784751734447e-05 0.14208509375957376 0.10358009286693931</Translation>
</Transform>
</Instance>
<Instance name="93505A178_ALUM MALE-FEM THRDED HEX STANDOFF-3" uid="93505A178_ALUM MALE-FEM THRDED HEX STANDOFF-3" entityUid="93505A178_ALUM MALE-FEM THRDED HEX STANDOFF*:*93505A178">
<Transform>
<Rotation>0 0.81657441155794774 -0.57724018431567237 -1 0 0 0 0.57724018431567237 0.81657441155794774</Rotation>
<Translation>0.09915726678475173 0.14208509375957376 0.10358009286693931</Translation>
</Transform>
</Instance>
<Instance name="RM_Board_A-1" uid="RM_Board_A-1" entityUid="RM_Board_A*:*Default">
<Transform>
<Rotation>-0.99971024761827776 -6.6557655972269004e-16 0.024071161313932044 -5.0749754307863925e-16 1 1.9931836045396988e-16 -0.024071161313932197 0 -0.99971024761827798</Rotation>
<Translation>0.089228259563165727 0.13414759375957375 0.049432154020922027</Translation>
</Transform>
</Instance>
<Instance name="93505A178_ALUM MALE-FEM THRDED HEX STANDOFF-6" uid="93505A178_ALUM MALE-FEM THRDED HEX STANDOFF-6" entityUid="93505A178_ALUM MALE-FEM THRDED HEX STANDOFF*:*93505A178">
<Transform>
<Rotation>0 0.99666064926278786 -0.081655068495950944 -1 0 0 0 0.081655068495950944 0.99666064926278786</Rotation>
<Translation>0.09915726678475173 0.16748509375957371 0.045160092866939332</Translation>
</Transform>
</Instance>
<Instance name="93505A178_ALUM MALE-FEM THRDED HEX STANDOFF-5" uid="93505A178_ALUM MALE-FEM THRDED HEX STANDOFF-5" entityUid="93505A178_ALUM MALE-FEM THRDED HEX STANDOFF*:*93505A178">
<Transform>
<Rotation>0 0.89029724377830033 0.4553798609081891 -1 0 0 0 -0.4553798609081891 0.89029724377830033</Rotation>
<Translation>9.7266784751748325e-05 0.16748509375957374 0.10358009286693932</Translation>
</Transform>
</Instance>
<Instance name="93505A178_ALUM MALE-FEM THRDED HEX STANDOFF-7" uid="93505A178_ALUM MALE-FEM THRDED HEX STANDOFF-7" entityUid="93505A178_ALUM MALE-FEM THRDED HEX STANDOFF*:*93505A178">
<Transform>
<Rotation>0 0.81657441155794785 -0.57724018431567248 -1 0 0 0 0.57724018431567248 0.81657441155794785</Rotation>
<Translation>0.099157266784751702 0.16748509375957374 0.1035800928669393</Translation>
</Transform>
</Instance>
<Instance name="93505A178_ALUM MALE-FEM THRDED HEX STANDOFF-8" uid="93505A178_ALUM MALE-FEM THRDED HEX STANDOFF-8" entityUid="93505A178_ALUM MALE-FEM THRDED HEX STANDOFF*:*93505A178">
<Transform>
<Rotation>0 0.9541475442048245 0.29933670654950228 -1 0 0 0 -0.29933670654950234 0.9541475442048245</Rotation>
<Translation>9.7266784751734447e-05 0.16748509375957374 0.045160092866939332</Translation>
</Transform>
</Instance>
</Instance>
<Instance name="RoboMaster GM6020 Brushless DC Motor-1" uid="RoboMaster GM6020 Brushless DC Motor-1" entityUid="RoboMaster GM6020 Brushless DC Motor*:*Default">
<Transform>
<Rotation>0.50000000000000422 0.86602540378443615 2.1102246847065989e-16 -6.2558146073611385e-16 1.1751186680284841e-16 1 0.86602540378443627 -0.50000000000000422 6.005253705354751e-16</Rotation>
<Translation>0 -0.078372143610609943 0</Translation>
</Transform>
</Instance>
<Instance name="BodyBar-1" uid="BodyBar-1" entityUid="BodyBar*:*Default">
<Transform>
<Rotation>-8.1531963952461671e-15 0 -1 -3.2357733625743532e-16 1 0 1 3.2357733625743483e-16 -8.1531963952461671e-15</Rotation>
<Translation>0 -0.21566000000000995 0</Translation>
</Transform>
</Instance>
<Instance name="RoboMaster GM6020 Brushless DC Motor-2" uid="RoboMaster GM6020 Brushless DC Motor-2" entityUid="RoboMaster GM6020 Brushless DC Motor*:*Default">
<Transform>
<Rotation>-0.50000000000001577 -0.8660254037844296 0 0 0 -1.0000000000000002 0.8660254037844296 -0.50000000000001565 0</Rotation>
<Translation>0 -0.073547856389409999 0</Translation>
</Transform>
</Instance>
<Instance name="9578T310_HEAVY DUTY ALUMINUM CLAMP-ON FRAMING FITTING-1" uid="9578T310_HEAVY DUTY ALUMINUM CLAMP-ON FRAMING FITTING-1" entityUid="9578T310_HEAVY DUTY ALUMINUM CLAMP-ON FRAMING FITTING*:*9578T31">
<Transform>
<Rotation>-2.4980018054066022e-16 -1.0000000000000002 0 1 -1.6653345369377348e-16 0 0 1.7289933401055317e-16 1</Rotation>
<Translation>0 -0.10771000000000924 -0.018000000000000085</Translation>
</Transform>
</Instance>
<Instance name="9578T310_HEAVY DUTY ALUMINUM CLAMP-ON FRAMING FITTING-2" uid="9578T310_HEAVY DUTY ALUMINUM CLAMP-ON FRAMING FITTING-2" entityUid="9578T310_HEAVY DUTY ALUMINUM CLAMP-ON FRAMING FITTING*:*9578T31">
<Transform>
<Rotation>-1.6653345369377348e-16 -1.0000000000000002 4.9960036108132044e-16 1 -1.1102230246251564e-16 0 0 5.5753285763544188e-16 1</Rotation>
<Translation>0 -0.044210000000009242 -0.018000000000000051</Translation>
</Transform>
</Instance>
</Instance>
<Instance name="right_hand-1" uid="right_hand-1" entityUid="right_hand" rigid="true">
<Transform>
<Rotation>1 0 0 0 1 0 0 0 1</Rotation>
<Translation>-0.019397722690043764 -0.13690188542489481 -0.013911330364466722</Translation>
</Transform>
<Instance name="arm-1" uid="arm-1" entityUid="arm*:*Default">
<Transform>
<Rotation>1.0000000000000002 1.5184963315929831e-15 0 0 0 -1 -1.5135122234811022e-15 1 0</Rotation>
<Translation>0 0.0040000000000000036 0</Translation>
</Transform>
</Instance>
<Instance name="Assem1-1" uid="Assem1-1" entityUid="Assem1" rigid="true">
<Transform>
<Rotation>-1 0 -2.0219306044511868e-14 0 1 0 2.0219306044511871e-14 0 -1</Rotation>
<Translation>0.036471973496800286 -0.042502428848338686 0.27320397629072457</Translation>
</Transform>
<Instance name="link_main-1" uid="link_main-1" entityUid="link_main*:*Default">
<Transform>
<Rotation>0.9716835532657927 0 -0.23628599686135321 0 1 0 0.23628599686135321 0 0.9716835532657927</Rotation>
<Translation>0.0032638257553557065 0.071502428848338684 0.039555816322148302</Translation>
</Transform>
<VisualProperties>
<Ambient r="1" g="1" b="1" a="0.25"/>
<Diffuse r="1" g="1" b="1" a="0.25"/>
<Specular r="1" g="1" b="1" a="0.25"/>
<Emissive r="0.050000000000000003" g="0.050000000000000003" b="0.050000000000000003" a="0.25"/>
<Shininess>0.3125</Shininess>
</VisualProperties>
</Instance>
<Instance name="link_main-2" uid="link_main-2" entityUid="link_main*:*Default">
<Transform>
<Rotation>0.97168355326579148 0 -0.23628599686135848 0 1 0 0.23628599686135848 0 0.97168355326579148</Rotation>
<Translation>0.0032638257553554931 0.066502428848338679 0.039555816322148329</Translation>
</Transform>
<VisualProperties>
<Ambient r="1" g="1" b="1" a="0.25"/>
<Diffuse r="1" g="1" b="1" a="0.25"/>
<Specular r="1" g="1" b="1" a="0.25"/>
<Emissive r="0.050000000000000003" g="0.050000000000000003" b="0.050000000000000003" a="0.25"/>
<Shininess>0.3125</Shininess>
</VisualProperties>
</Instance>
<Instance name="94868A044_18-8 SS FEM THRDED HEX STANDOFF-2" uid="94868A044_18-8 SS FEM THRDED HEX STANDOFF-2" entityUid="94868A044_18-8 SS FEM THRDED HEX STANDOFF*:*94868A044">
<Transform>
<Rotation>0.99964328519488488 0.026707721070470338 1.3389896830196157e-16 0 0 1 0.026707721070470369 -0.99964328519488488 0</Rotation>
<Translation>0.06846888433933794 0.056502428848338698 0.034600230200494103</Translation>
</Transform>
</Instance>
<Instance name="95947A062_ALUM FEM THRDED HEX STANDOFF-1" uid="95947A062_ALUM FEM THRDED HEX STANDOFF-1" entityUid="95947A062_ALUM FEM THRDED HEX STANDOFF*:*95947A062">
<Transform>
<Rotation>-0.81450659491666322 -0.58015429571559907 0 0 0 -1 0.58015429571559907 -0.81450659491666322 0</Rotation>
<Translation>0.026468884339337962 0.061502428848338689 0.026600230200494124</Translation>
</Transform>
</Instance>
<Instance name="90278A543_18-8 STAINLESS STEEL PRECISION SHOULDER SCREW-1" uid="90278A543_18-8 STAINLESS STEEL PRECISION SHOULDER SCREW-1" entityUid="90278A543_18-8 STAINLESS STEEL PRECISION SHOULDER SCREW*:*90278A543">
<Transform>
<Rotation>0.99874403533934808 -0.050103411800745484 0 0 0 1 -0.050103411800745484 -0.99874403533934808 0</Rotation>
<Translation>-0.0003749785963265799 0.076502428848338674 0.05451974304244156</Translation>
</Transform>
</Instance>
<Instance name="servo_top_plate-1" uid="servo_top_plate-1" entityUid="servo_top_plate*:*Default">
<Transform>
<Rotation>1 0 0 0 1 0 0 0 1</Rotation>
<Translation>0.041581243889899755 0.076502428848338661 0.068195735818471659</Translation>
</Transform>
<VisualProperties>
<Ambient r="1" g="1" b="1" a="1"/>
<Diffuse r="1" g="1" b="1" a="1"/>
<Specular r="1" g="1" b="1" a="1"/>
<Emissive r="0.050000000000000003" g="0.050000000000000003" b="0.050000000000000003" a="1"/>
<Shininess>0.3125</Shininess>
</VisualProperties>
</Instance>
<Instance name="servo_mounting_plate-1" uid="servo_mounting_plate-1" grounded="true" entityUid="servo_mounting_plate*:*Default">
<Transform>
<Rotation>1 0 0 0 1 0 0 0 1</Rotation>
<Translation>0.041581243889899755 0.043502428848338659 0.068195735818471659</Translation>
</Transform>
</Instance>
<Instance name="Hitec HS-7955TG-1" uid="Hitec HS-7955TG-1" entityUid="Hitec HS-7955TG*:*Default">
<Transform>
<Rotation>1 0 0 0 1 0 0 0 1</Rotation>
<Translation>0.036468884339337981 0.023502428848338669 0.064600230200494158</Translation>
</Transform>
</Instance>
<Instance name="link2-2" uid="link2-2" entityUid="link2*:*Default">
<Transform>
<Rotation>0.99497886959893123 0 0.10008520895533453 0 1 0 -0.10008520895533453 0 0.99497886959893123</Rotation>
<Translation>-0.00037497859634718841 0.068502428848338667 0.054519743042441254</Translation>
</Transform>
</Instance>
<Instance name="link_main-4" uid="link_main-4" entityUid="link_main*:*Default">
<Transform>
<Rotation>-0.97187948027634019 0 0.23547882244013119 -1.1897671783760921e-16 -1 0 0.23547882244013119 0 0.97187948027634019</Rotation>
<Translation>0.069669826333787044 0.068502428848338695 0.039556815549894708</Translation>
</Transform>
<VisualProperties>
<Ambient r="1" g="1" b="1" a="0.25"/>
<Diffuse r="1" g="1" b="1" a="0.25"/>
<Specular r="1" g="1" b="1" a="0.25"/>
<Emissive r="0.050000000000000003" g="0.050000000000000003" b="0.050000000000000003" a="0.25"/>
<Shininess>0.3125</Shininess>
</VisualProperties>
</Instance>
<Instance name="90265A122_SHOULDER SCREW_M3-1" uid="90265A122_SHOULDER SCREW_M3-1" entityUid="90265A122_SHOULDER SCREW_M3*:*90265A122">
<Transform>
<Rotation>-0.19419792010395637 -0.98096236820139926 0 0 0 1 -0.98096236820139926 0.19419792010395637 0</Rotation>
<Translation>0.056895595926620322 0.083502428848338667 0.056332123306316567</Translation>
</Transform>
</Instance>
<Instance name="94868A044_18-8 SS FEM THRDED HEX STANDOFF-1" uid="94868A044_18-8 SS FEM THRDED HEX STANDOFF-1" entityUid="94868A044_18-8 SS FEM THRDED HEX STANDOFF*:*94868A044">
<Transform>
<Rotation>-0.25026267969018146 0.96817797493760904 0 0 0 -0.99999999999999989 -0.96817797493760904 -0.25026267969018146 0</Rotation>
<Translation>0.004468884339337972 0.056502428848338684 0.034600230200494159</Translation>
</Transform>
</Instance>
<Instance name="Hitec Servo Arm Alluminium Dual-1" uid="Hitec Servo Arm Alluminium Dual-1" entityUid="Hitec Servo Arm Alluminium Dual*:*Default">
<Transform>
<Rotation>0.99642495547717902 0 -0.084482590527881984 0 1 0 0.084482590527881984 0 0.99642495547717902</Rotation>
<Translation>0.036468884339339563 0.065802428848338659 0.054600230200493066</Translation>
</Transform>
</Instance>
<Instance name="link2-1" uid="link2-1" entityUid="link2*:*Default">
<Transform>
<Rotation>0.99397601652958634 0 0.1095978036457648 0 1 0 -0.1095978036457648 0 0.99397601652958634</Rotation>
<Translation>0.056895595926614993 0.068502428848338667 0.056332123306321452</Translation>
</Transform>
<VisualProperties>
<Ambient r="1" g="1" b="1" a="0.25"/>
<Diffuse r="1" g="1" b="1" a="0.25"/>
<Specular r="1" g="1" b="1" a="0.25"/>
<Emissive r="0.050000000000000003" g="0.050000000000000003" b="0.050000000000000003" a="0.25"/>
<Shininess>0.3125</Shininess>
</VisualProperties>
</Instance>
<Instance name="93657A008_NYLON UNTHREADED SPACER_5mm-1" uid="93657A008_NYLON UNTHREADED SPACER_5mm-1" entityUid="93657A008_NYLON UNTHREADED SPACER_5mm*:*93657A008">
<Transform>
<Rotation>1 0 0 0 0 -1 0 1 0</Rotation>
<Translation>0.056895595926620308 0.074002428848338658 0.056332123306316539</Translation>
</Transform>
</Instance>
<Instance name="93657A034_NYLON UNTHREADED SPACER_d5_h3-2" uid="93657A034_NYLON UNTHREADED SPACER_d5_h3-2" entityUid="93657A034_NYLON UNTHREADED SPACER_d5_h3*:*93657A034">
<Transform>
<Rotation>1 0 0 0 0 -1 0 1 0</Rotation>
<Translation>0.0044688843393379737 0.075002428848338673 0.034600230200494159</Translation>
</Transform>
</Instance>
<Instance name="link_main-5" uid="link_main-5" entityUid="link_main*:*Default">
<Transform>
<Rotation>-0.97187948027634008 4.1210182189816446e-16 0.2354788224401313 -4.3043605369356422e-16 -1 4.450173273285591e-16 0.2354788224401313 3.3114463373850989e-16 0.97187948027634008</Rotation>
<Translation>0.069669826333787072 0.073502428848338672 0.039556815549894708</Translation>
</Transform>
<VisualProperties>
<Ambient r="1" g="1" b="1" a="0.25"/>
<Diffuse r="1" g="1" b="1" a="0.25"/>
<Specular r="1" g="1" b="1" a="0.25"/>
<Emissive r="0.050000000000000003" g="0.050000000000000003" b="0.050000000000000003" a="0.25"/>
<Shininess>0.3125</Shininess>
</VisualProperties>
</Instance>
<Instance name="95947A062_ALUM FEM THRDED HEX STANDOFF-3" uid="95947A062_ALUM FEM THRDED HEX STANDOFF-3" entityUid="95947A062_ALUM FEM THRDED HEX STANDOFF*:*95947A062">
<Transform>
<Rotation>0.86602540378443849 0.50000000000000033 0 0 0 1 0.50000000000000033 -0.86602540378443849 0</Rotation>
<Translation>0.06646888433933798 0.061502428848338675 0.079600230200494143</Translation>
</Transform>
</Instance>
<Instance name="93657A034_NYLON UNTHREADED SPACER_d5_h3-1" uid="93657A034_NYLON UNTHREADED SPACER_d5_h3-1" entityUid="93657A034_NYLON UNTHREADED SPACER_d5_h3*:*93657A034">
<Transform>
<Rotation>1 0 0 0 0 -1 0 1 0</Rotation>
<Translation>0.004468884339337972 0.070002428848338683 0.034600230200494159</Translation>
</Transform>
</Instance>
<Instance name="90278A372_18-8 STAINLESS STEEL PRECISION SHOULDER SCREW-2" uid="90278A372_18-8 STAINLESS STEEL PRECISION SHOULDER SCREW-2" entityUid="90278A372_18-8 STAINLESS STEEL PRECISION SHOULDER SCREW*:*90278A372">
<Transform>
<Rotation>-0.83212225723507061 -0.55459223670550173 -3.9118738336324332e-16 -6.8687143102653266e-16 1.2504920768868601e-16 1 -0.55459223670550173 0.83212225723507061 -4.849897922294817e-16</Rotation>
<Translation>0.068468884339337913 0.084502428848338682 0.034600230200494103</Translation>
</Transform>
</Instance>
<Instance name="95947A062_ALUM FEM THRDED HEX STANDOFF-5" uid="95947A062_ALUM FEM THRDED HEX STANDOFF-5" entityUid="95947A062_ALUM FEM THRDED HEX STANDOFF*:*95947A062">
<Transform>
<Rotation>0.86602540378443826 0.50000000000000044 0 0 0 1 0.50000000000000033 -0.8660254037844386 0</Rotation>
<Translation>0.036468884339337981 0.061502428848338675 0.10160023020049416</Translation>
</Transform>
</Instance>
<Instance name="95947A062_ALUM FEM THRDED HEX STANDOFF-4" uid="95947A062_ALUM FEM THRDED HEX STANDOFF-4" entityUid="95947A062_ALUM FEM THRDED HEX STANDOFF*:*95947A062">
<Transform>
<Rotation>0.86602540378443904 -0.49999999999999939 0 0 0 1 -0.49999999999999939 -0.86602540378443904 0</Rotation>
<Translation>0.0064688843393379721 0.061502428848338675 0.079600230200494115</Translation>
</Transform>
</Instance>
<Instance name="90278A372_18-8 STAINLESS STEEL PRECISION SHOULDER SCREW-1" uid="90278A372_18-8 STAINLESS STEEL PRECISION SHOULDER SCREW-1" entityUid="90278A372_18-8 STAINLESS STEEL PRECISION SHOULDER SCREW*:*90278A372">
<Transform>
<Rotation>1 0 0 0 0 1 0 -1 0</Rotation>
<Translation>0.0044688843393379737 0.084502428848338682 0.034600230200494159</Translation>
</Transform>
</Instance>
<Instance name="93657A008_NYLON UNTHREADED SPACER_5mm-2" uid="93657A008_NYLON UNTHREADED SPACER_5mm-2" entityUid="93657A008_NYLON UNTHREADED SPACER_5mm*:*93657A008">
<Transform>
<Rotation>0.79405891467936995 -0.60784080154117781 0 0 0 -1 0.60784080154117748 0.79405891467936984 0</Rotation>
<Translation>0.01604217275205547 0.074002428848338672 0.052868337094671924</Translation>
</Transform>
</Instance>
<Instance name="95947A062_ALUM FEM THRDED HEX STANDOFF-2" uid="95947A062_ALUM FEM THRDED HEX STANDOFF-2" entityUid="95947A062_ALUM FEM THRDED HEX STANDOFF*:*95947A062">
<Transform>
<Rotation>1 0 0 0 0 -1 0 1 0</Rotation>
<Translation>0.046468884339337983 0.061502428848338661 0.026600230200494124</Translation>
</Transform>
</Instance>
<Instance name="90265A122_SHOULDER SCREW_M3-2" uid="90265A122_SHOULDER SCREW_M3-2" entityUid="90265A122_SHOULDER SCREW_M3*:*90265A122">
<Transform>
<Rotation>-0.62458462706768192 0.7809571330301841 0 0 0 1 0.7809571330301841 0.62458462706768192 0</Rotation>
<Translation>0.01604217275205547 0.083502428848338667 0.052868337094671924</Translation>
</Transform>
</Instance>
<Instance name="90278A543_18-8 STAINLESS STEEL PRECISION SHOULDER SCREW-2" uid="90278A543_18-8 STAINLESS STEEL PRECISION SHOULDER SCREW-2" entityUid="90278A543_18-8 STAINLESS STEEL PRECISION SHOULDER SCREW*:*90278A543">
<Transform>
<Rotation>-0.97718483629399777 0.21239066767886253 4.6756764948450667e-16 2.6486301941795479e-16 -4.6012012589708084e-16 0.99999999999999989 0.21239066767886253 0.97718483629399777 3.9336797636267245e-16</Rotation>
<Translation>0.073296200199358466 0.076502428848338661 0.054523759546159983</Translation>
</Transform>
</Instance>
<Instance name="93657A034_NYLON UNTHREADED SPACER_d5_h3-4" uid="93657A034_NYLON UNTHREADED SPACER_d5_h3-4" entityUid="93657A034_NYLON UNTHREADED SPACER_d5_h3*:*93657A034">
<Transform>
<Rotation>1 4.6761297312944511e-16 4.121018218981895e-16 5.2312412436070846e-16 4.5360931365320895e-16 -1 -4.6761297312945142e-16 1 4.5360931365321023e-16</Rotation>
<Translation>0.068468884339337954 0.075002428848338673 0.034600230200494131</Translation>
</Transform>
</Instance>
<Instance name="93657A034_NYLON UNTHREADED SPACER_d5_h3-3" uid="93657A034_NYLON UNTHREADED SPACER_d5_h3-3" entityUid="93657A034_NYLON UNTHREADED SPACER_d5_h3*:*93657A034">
<Transform>
<Rotation>0.9999939235479689 0.0034860962607142611 5.2031230639588538e-16 5.1868198200621934e-16 4.6856885573047223e-16 -1 -0.0034860962607142611 0.9999939235479689 4.6675783317632537e-16</Rotation>
<Translation>0.068468884339337927 0.070002428848338696 0.034600230200494131</Translation>
</Transform>
</Instance>
</Instance>
<Instance name="hand_arm_link-1" uid="hand_arm_link-1" entityUid="hand_arm_link*:*Default">
<Transform>
<Rotation>-1 0 -1.4569855966209418e-15 0 1 -1.6653345369377351e-16 1.4569855966209418e-15 -1.6653345369377346e-16 -1</Rotation>
<Translation>-0.25813296229100191 0.0040000000000000036 0.14584821793498848</Translation>
</Transform>
</Instance>
</Instance>
<Instance name="left_hand-1" uid="left_hand-1" grounded="true" entityUid="left_hand" rigid="true">
<Transform>
<Rotation>1 0 0 0 1 0 0 0 1</Rotation>
<Translation>-0.019424722584868548 -0.0031987187358964993 0.29593115511364326</Translation>
</Transform>
<Instance name="arm-1" uid="arm-1" entityUid="arm*:*Default">
<Transform>
<Rotation>1 4.0398031570591154e-16 0 0 -1.2490009027033011e-16 -0.99999999999999989 -4.0398031570591268e-16 0.99999999999999989 -1.2490009027033011e-16</Rotation>
<Translation>2.6999894824766141e-05 0.021216833311021626 -0.30984248547811033</Translation>
</Transform>
</Instance>
<Instance name="Assem1-1" uid="Assem1-1" entityUid="Assem1" rigid="true">
<Transform>
<Rotation>1.0000000000000002 0 -6.5659283565722149e-16 0 -1 -1.5908639379158357e-15 -6.5659283565722149e-16 1.5908639379158329e-15 -1.0000000000000002</Rotation>
<Translation>-0.03644188444451308 0.063719262159360246 -0.036638509187385371</Translation>
</Transform>
<Instance name="link_main-1" uid="link_main-1" entityUid="link_main*:*Default">
<Transform>
<Rotation>0.97168355326579281 0 -0.23628599686135324 0 1 0 0.23628599686135324 0 0.97168355326579281</Rotation>
<Translation>0.0032638257553557065 0.071502428848338684 0.039555816322148329</Translation>
</Transform>
<VisualProperties>
<Ambient r="1" g="1" b="1" a="0.25"/>
<Diffuse r="1" g="1" b="1" a="0.25"/>
<Specular r="1" g="1" b="1" a="0.25"/>
<Emissive r="0.050000000000000003" g="0.050000000000000003" b="0.050000000000000003" a="0.25"/>
<Shininess>0.3125</Shininess>
</VisualProperties>
</Instance>
<Instance name="link_main-2" uid="link_main-2" entityUid="link_main*:*Default">
<Transform>
<Rotation>0.97168355326579159 0 -0.23628599686135851 0 1 0 0.23628599686135851 0 0.97168355326579159</Rotation>
<Translation>0.0032638257553554914 0.066502428848338679 0.039555816322148357</Translation>
</Transform>
<VisualProperties>
<Ambient r="1" g="1" b="1" a="0.25"/>
<Diffuse r="1" g="1" b="1" a="0.25"/>
<Specular r="1" g="1" b="1" a="0.25"/>
<Emissive r="0.050000000000000003" g="0.050000000000000003" b="0.050000000000000003" a="0.25"/>
<Shininess>0.3125</Shininess>
</VisualProperties>
</Instance>
<Instance name="94868A044_18-8 SS FEM THRDED HEX STANDOFF-2" uid="94868A044_18-8 SS FEM THRDED HEX STANDOFF-2" entityUid="94868A044_18-8 SS FEM THRDED HEX STANDOFF*:*94868A044">
<Transform>
<Rotation>0.99964328519488488 0.026707721070470373 1.155085245631894e-16 -1.1703284825623224e-16 0 1 0.026707721070470373 -0.99964328519488488 0</Rotation>
<Translation>0.068468884339337968 0.056502428848338684 0.034600230200494131</Translation>
</Transform>
</Instance>
<Instance name="95947A062_ALUM FEM THRDED HEX STANDOFF-1" uid="95947A062_ALUM FEM THRDED HEX STANDOFF-1" entityUid="95947A062_ALUM FEM THRDED HEX STANDOFF*:*95947A062">
<Transform>
<Rotation>-0.81450659491666322 -0.58015429571559896 0 0 0 -1 0.58015429571559896 -0.81450659491666322 0</Rotation>
<Translation>0.026468884339337976 0.061502428848338668 0.026600230200494152</Translation>
</Transform>
</Instance>
<Instance name="90278A543_18-8 STAINLESS STEEL PRECISION SHOULDER SCREW-1" uid="90278A543_18-8 STAINLESS STEEL PRECISION SHOULDER SCREW-1" entityUid="90278A543_18-8 STAINLESS STEEL PRECISION SHOULDER SCREW*:*90278A543">
<Transform>
<Rotation>0.9987440353393483 -0.050103411800745505 0 0 0 1 -0.050103411800745505 -0.9987440353393483 0</Rotation>
<Translation>-0.00037497859632657643 0.076502428848338674 0.054519743042441587</Translation>
</Transform>
</Instance>
<Instance name="servo_top_plate-1" uid="servo_top_plate-1" entityUid="servo_top_plate*:*Default">
<Transform>
<Rotation>1 0 0 0 1 0 0 0 1</Rotation>
<Translation>0.041581243889899769 0.076502428848338661 0.068195735818471687</Translation>
</Transform>
<VisualProperties>
<Ambient r="1" g="1" b="1" a="1"/>
<Diffuse r="1" g="1" b="1" a="1"/>
<Specular r="1" g="1" b="1" a="1"/>
<Emissive r="0.050000000000000003" g="0.050000000000000003" b="0.050000000000000003" a="1"/>
<Shininess>0.3125</Shininess>
</VisualProperties>
</Instance>
<Instance name="servo_mounting_plate-1" uid="servo_mounting_plate-1" grounded="true" entityUid="servo_mounting_plate*:*Default">
<Transform>
<Rotation>1 0 0 0 1 0 0 0 1</Rotation>
<Translation>0.041581243889899769 0.043502428848338673 0.068195735818471687</Translation>
</Transform>
</Instance>
<Instance name="Hitec HS-7955TG-1" uid="Hitec HS-7955TG-1" entityUid="Hitec HS-7955TG*:*Default">
<Transform>
<Rotation>1 0 0 0 1 0 0 0 1</Rotation>
<Translation>0.036468884339338002 0.023502428848338683 0.064600230200494185</Translation>
</Transform>
</Instance>
<Instance name="link2-2" uid="link2-2" entityUid="link2*:*Default">
<Transform>
<Rotation>0.99497886959893123 0 0.10008520895533454 0 1 0 -0.10008520895533454 0 0.99497886959893123</Rotation>
<Translation>-0.00037497859634718494 0.068502428848338667 0.054519743042441282</Translation>
</Transform>
</Instance>
<Instance name="link_main-4" uid="link_main-4" entityUid="link_main*:*Default">
<Transform>
<Rotation>-0.97187948027634019 0 0.23547882244013119 0 -1 0 0.23547882244013119 0 0.97187948027634019</Rotation>
<Translation>0.069669826333787072 0.068502428848338695 0.039556815549894708</Translation>
</Transform>
<VisualProperties>
<Ambient r="1" g="1" b="1" a="0.25"/>
<Diffuse r="1" g="1" b="1" a="0.25"/>
<Specular r="1" g="1" b="1" a="0.25"/>
<Emissive r="0.050000000000000003" g="0.050000000000000003" b="0.050000000000000003" a="0.25"/>
<Shininess>0.3125</Shininess>
</VisualProperties>
</Instance>
<Instance name="90265A122_SHOULDER SCREW_M3-1" uid="90265A122_SHOULDER SCREW_M3-1" entityUid="90265A122_SHOULDER SCREW_M3*:*90265A122">
<Transform>
<Rotation>-0.19419792010395642 -0.98096236820139937 0 0 0 1 -0.98096236820139937 0.19419792010395642 0</Rotation>
<Translation>0.056895595926620357 0.083502428848338667 0.056332123306316567</Translation>
</Transform>
</Instance>
<Instance name="94868A044_18-8 SS FEM THRDED HEX STANDOFF-1" uid="94868A044_18-8 SS FEM THRDED HEX STANDOFF-1" entityUid="94868A044_18-8 SS FEM THRDED HEX STANDOFF*:*94868A044">
<Transform>
<Rotation>-0.25026267969018151 0.96817797493760938 0 0 0 -1 -0.96817797493760938 -0.25026267969018151 0</Rotation>
<Translation>0.0044688843393379737 0.056502428848338671 0.034600230200494159</Translation>
</Transform>
</Instance>
<Instance name="Hitec Servo Arm Alluminium Dual-1" uid="Hitec Servo Arm Alluminium Dual-1" entityUid="Hitec Servo Arm Alluminium Dual*:*Default">
<Transform>
<Rotation>0.99642495547717924 0 -0.084482590527881984 0 1 0 0.084482590527881984 0 0.99642495547717924</Rotation>
<Translation>0.036468884339339577 0.065802428848338659 0.054600230200493094</Translation>
</Transform>
</Instance>
<Instance name="link2-1" uid="link2-1" entityUid="link2*:*Default">
<Transform>
<Rotation>0.99397601652958645 0 0.10959780364576481 0 1 0 -0.10959780364576481 0 0.99397601652958645</Rotation>
<Translation>0.056895595926615028 0.068502428848338667 0.05633212330632148</Translation>
</Transform>
<VisualProperties>
<Ambient r="1" g="1" b="1" a="0.25"/>
<Diffuse r="1" g="1" b="1" a="0.25"/>
<Specular r="1" g="1" b="1" a="0.25"/>
<Emissive r="0.050000000000000003" g="0.050000000000000003" b="0.050000000000000003" a="0.25"/>
<Shininess>0.3125</Shininess>
</VisualProperties>
</Instance>
<Instance name="93657A008_NYLON UNTHREADED SPACER_5mm-1" uid="93657A008_NYLON UNTHREADED SPACER_5mm-1" entityUid="93657A008_NYLON UNTHREADED SPACER_5mm*:*93657A008">
<Transform>
<Rotation>1 0 0 0 0 -1 0 1 0</Rotation>
<Translation>0.056895595926620343 0.074002428848338658 0.056332123306316567</Translation>
</Transform>
</Instance>
<Instance name="93657A034_NYLON UNTHREADED SPACER_d5_h3-2" uid="93657A034_NYLON UNTHREADED SPACER_d5_h3-2" entityUid="93657A034_NYLON UNTHREADED SPACER_d5_h3*:*93657A034">
<Transform>
<Rotation>1 0 0 0 0 -1 0 1 0</Rotation>
<Translation>0.0044688843393379737 0.075002428848338659 0.034600230200494159</Translation>
</Transform>
</Instance>
<Instance name="link_main-5" uid="link_main-5" entityUid="link_main*:*Default">
<Transform>
<Rotation>-0.97187948027634019 4.6761297312942273e-16 0.23547882244013132 -3.7648590488538524e-16 -1 4.3194562680432462e-16 0.23547882244013132 3.3114463373850718e-16 0.97187948027634019</Rotation>
<Translation>0.069669826333787085 0.073502428848338672 0.039556815549894708</Translation>
</Transform>
<VisualProperties>
<Ambient r="1" g="1" b="1" a="0.25"/>
<Diffuse r="1" g="1" b="1" a="0.25"/>
<Specular r="1" g="1" b="1" a="0.25"/>
<Emissive r="0.050000000000000003" g="0.050000000000000003" b="0.050000000000000003" a="0.25"/>
<Shininess>0.3125</Shininess>
</VisualProperties>
</Instance>
<Instance name="95947A062_ALUM FEM THRDED HEX STANDOFF-3" uid="95947A062_ALUM FEM THRDED HEX STANDOFF-3" entityUid="95947A062_ALUM FEM THRDED HEX STANDOFF*:*95947A062">
<Transform>
<Rotation>0.86602540378443849 0.50000000000000022 0 0 0 0.99999999999999989 0.50000000000000022 -0.86602540378443849 0</Rotation>
<Translation>0.066468884339338008 0.061502428848338661 0.079600230200494199</Translation>
</Transform>
</Instance>
<Instance name="93657A034_NYLON UNTHREADED SPACER_d5_h3-1" uid="93657A034_NYLON UNTHREADED SPACER_d5_h3-1" entityUid="93657A034_NYLON UNTHREADED SPACER_d5_h3*:*93657A034">
<Transform>
<Rotation>1 0 0 0 0 -1 0 1 0</Rotation>
<Translation>0.0044688843393379737 0.070002428848338669 0.034600230200494159</Translation>
</Transform>
</Instance>
<Instance name="90278A372_18-8 STAINLESS STEEL PRECISION SHOULDER SCREW-2" uid="90278A372_18-8 STAINLESS STEEL PRECISION SHOULDER SCREW-2" entityUid="90278A372_18-8 STAINLESS STEEL PRECISION SHOULDER SCREW*:*90278A372">
<Transform>
<Rotation>-0.83212225723507072 -0.55459223670550173 -4.4669853459450263e-16 -6.4067936656226113e-16 1.5583526121213019e-16 1 -0.55459223670550173 0.83212225723507072 -4.8498979222948072e-16</Rotation>
<Translation>0.06846888433933794 0.084502428848338668 0.034600230200494131</Translation>
</Transform>
</Instance>
<Instance name="95947A062_ALUM FEM THRDED HEX STANDOFF-5" uid="95947A062_ALUM FEM THRDED HEX STANDOFF-5" entityUid="95947A062_ALUM FEM THRDED HEX STANDOFF*:*95947A062">
<Transform>
<Rotation>0.86602540378443837 0.50000000000000044 0 0 0 1 0.50000000000000033 -0.86602540378443837 0</Rotation>
<Translation>0.036468884339337995 0.061502428848338668 0.10160023020049425</Translation>
</Transform>
</Instance>
<Instance name="95947A062_ALUM FEM THRDED HEX STANDOFF-4" uid="95947A062_ALUM FEM THRDED HEX STANDOFF-4" entityUid="95947A062_ALUM FEM THRDED HEX STANDOFF*:*95947A062">
<Transform>
<Rotation>0.86602540378443915 -0.49999999999999933 0 0 0 1.0000000000000002 -0.49999999999999933 -0.86602540378443915 0</Rotation>
<Translation>0.0064688843393379755 0.061502428848338668 0.079600230200494171</Translation>
</Transform>
</Instance>
<Instance name="90278A372_18-8 STAINLESS STEEL PRECISION SHOULDER SCREW-1" uid="90278A372_18-8 STAINLESS STEEL PRECISION SHOULDER SCREW-1" entityUid="90278A372_18-8 STAINLESS STEEL PRECISION SHOULDER SCREW*:*90278A372">
<Transform>
<Rotation>1 0 0 0 0 1 0 -1 0</Rotation>
<Translation>0.0044688843393379737 0.084502428848338668 0.034600230200494159</Translation>
</Transform>
</Instance>
<Instance name="93657A008_NYLON UNTHREADED SPACER_5mm-2" uid="93657A008_NYLON UNTHREADED SPACER_5mm-2" entityUid="93657A008_NYLON UNTHREADED SPACER_5mm*:*93657A008">
<Transform>
<Rotation>0.79405891467936995 -0.60784080154117737 0 0 0 -1 0.60784080154117748 0.79405891467937006 0</Rotation>
<Translation>0.016042172752055474 0.074002428848338672 0.05286833709467198</Translation>
</Transform>
</Instance>
<Instance name="95947A062_ALUM FEM THRDED HEX STANDOFF-2" uid="95947A062_ALUM FEM THRDED HEX STANDOFF-2" entityUid="95947A062_ALUM FEM THRDED HEX STANDOFF*:*95947A062">
<Transform>
<Rotation>1 0 0 0 0 -1 0 1 0</Rotation>
<Translation>0.046468884339337997 0.061502428848338654 0.026600230200494152</Translation>
</Transform>
</Instance>
<Instance name="90265A122_SHOULDER SCREW_M3-2" uid="90265A122_SHOULDER SCREW_M3-2" entityUid="90265A122_SHOULDER SCREW_M3*:*90265A122">
<Transform>
<Rotation>-0.62458462706768192 0.78095713303018421 0 0 0 1.0000000000000002 0.78095713303018421 0.62458462706768192 0</Rotation>
<Translation>0.016042172752055474 0.083502428848338667 0.052868337094671952</Translation>
</Transform>
</Instance>
<Instance name="90278A543_18-8 STAINLESS STEEL PRECISION SHOULDER SCREW-2" uid="90278A543_18-8 STAINLESS STEEL PRECISION SHOULDER SCREW-2" entityUid="90278A543_18-8 STAINLESS STEEL PRECISION SHOULDER SCREW*:*90278A543">
<Transform>
<Rotation>-0.97718483629399788 0.21239066767886255 4.1205649825329094e-16 3.1910767464636539e-16 -4.7191017637070714e-16 1 0.21239066767886255 0.97718483629399788 3.9336797636269301e-16</Rotation>
<Translation>0.073296200199358494 0.076502428848338661 0.054523759546160039</Translation>
</Transform>
</Instance>
<Instance name="93657A034_NYLON UNTHREADED SPACER_d5_h3-4" uid="93657A034_NYLON UNTHREADED SPACER_d5_h3-4" entityUid="93657A034_NYLON UNTHREADED SPACER_d5_h3*:*93657A034">
<Transform>
<Rotation>1 4.6761297312944886e-16 4.6761297312944856e-16 4.6761297312944836e-16 4.5360931365321171e-16 -1 -4.6761297312944905e-16 1 4.5360931365321151e-16</Rotation>
<Translation>0.068468884339337982 0.075002428848338659 0.034600230200494186</Translation>
</Transform>
</Instance>
<Instance name="93657A034_NYLON UNTHREADED SPACER_d5_h3-3" uid="93657A034_NYLON UNTHREADED SPACER_d5_h3-3" entityUid="93657A034_NYLON UNTHREADED SPACER_d5_h3*:*93657A034">
<Transform>
<Rotation>0.99999392354796912 0.003486096260714262 4.6480115516462587e-16 4.631711680858071e-16 4.6837533851374008e-16 -1 -0.003486096260714262 0.99999392354796912 4.6675783317632587e-16</Rotation>
<Translation>0.068468884339337954 0.070002428848338683 0.034600230200494131</Translation>
</Transform>
</Instance>
</Instance>
<Instance name="hand_arm_link-1" uid="hand_arm_link-1" entityUid="hand_arm_link*:*Default">
<Transform>
<Rotation>1 0 -3.8857805861880479e-16 0 -1 2.2946258697283144e-16 -3.8857805861880479e-16 -2.2946258697283139e-16 -1</Rotation>
<Translation>0.25815996218582693 0.017216833311021584 -0.16399426754312266</Translation>
</Transform>
</Instance>
</Instance>
</InstanceTree>
<Constraints>
<Coincident name="Coincident32">
<ConstraintGeometry geomType="plane">
<InstancePath>
<Uid>monkey_body-1</Uid>
<Uid>RoboMaster GM6020 Brushless DC Motor-2</Uid>
</InstancePath>
<Position>0 0 -0.075047856389410014</Position>
<Axis>0 0 1.0000000000000002</Axis>
</ConstraintGeometry>
<ConstraintGeometry geomType="plane">
<InstancePath>
<Uid>left_hand-1</Uid>
<Uid>arm-1</Uid>
</InstancePath>
<Position>-0.017320508075688797 -0.0099999999999999551 0</Position>
<Axis>0 0 -0.99999999999999989</Axis>
</ConstraintGeometry>
</Coincident>
<Concentric name="Concentric49">
<ConstraintGeometry geomType="cylinder">
<InstancePath>
<Uid>monkey_body-1</Uid>
<Uid>RoboMaster GM6020 Brushless DC Motor-2</Uid>
</InstancePath>
<Position>0 0 -0.075047856389410014</Position>
<Axis>0 0 1.0000000000000002</Axis>
</ConstraintGeometry>
<ConstraintGeometry geomType="cylinder">
<InstancePath>
<Uid>left_hand-1</Uid>
<Uid>arm-1</Uid>
</InstancePath>
<Position>0 0 0.0039999999999999966</Position>
<Axis>0 0 -0.99999999999999989</Axis>
</ConstraintGeometry>
</Concentric>
<Coincident name="Coincident33">
<ConstraintGeometry geomType="plane">
<InstancePath>
<Uid>monkey_body-1</Uid>
<Uid>RoboMaster GM6020 Brushless DC Motor-2</Uid>
</InstancePath>
<Position>0 0 -0.075047856389410014</Position>
<Axis>0 0 1.0000000000000002</Axis>
</ConstraintGeometry>
<ConstraintGeometry geomType="plane">
<InstancePath>
<Uid>left_hand-1</Uid>
<Uid>arm-1</Uid>
</InstancePath>
<Position>-0.017320508075688797 -0.0099999999999999551 0</Position>
<Axis>0 0 -0.99999999999999989</Axis>
</ConstraintGeometry>
</Coincident>
<Coincident name="Coincident34">
<ConstraintGeometry geomType="plane">
<InstancePath>
<Uid>monkey_body-1</Uid>
<Uid>RoboMaster GM6020 Brushless DC Motor-1</Uid>
</InstancePath>
<Position>0 0 -0.075047856389409973</Position>
<Axis>0 0 1</Axis>
</ConstraintGeometry>
<ConstraintGeometry geomType="plane">
<InstancePath>
<Uid>right_hand-1</Uid>
<Uid>arm-1</Uid>
</InstancePath>
<Position>-0.017320508075688801 -0.0099999999999999568 0.0040000000000000036</Position>
<Axis>0 0 1</Axis>
</ConstraintGeometry>
</Coincident>
<Concentric name="Concentric50">
<ConstraintGeometry geomType="cylinder">
<InstancePath>
<Uid>monkey_body-1</Uid>
<Uid>RoboMaster GM6020 Brushless DC Motor-1</Uid>
</InstancePath>
<Position>0 0 -0.075047856389409973</Position>
<Axis>0 0 1</Axis>
</ConstraintGeometry>
<ConstraintGeometry geomType="cylinder">
<InstancePath>
<Uid>right_hand-1</Uid>
<Uid>arm-1</Uid>
</InstancePath>
<Position>0 0 0.0040000000000000036</Position>
<Axis>0 0 -1</Axis>
</ConstraintGeometry>
</Concentric>
<Coincident name="Coincident35">
<ConstraintGeometry geomType="plane">
<InstancePath>
<Uid>monkey_body-1</Uid>
<Uid>RoboMaster GM6020 Brushless DC Motor-1</Uid>
</InstancePath>
<Position>0 0 -0.075047856389409973</Position>
<Axis>0 0 1</Axis>
</ConstraintGeometry>
<ConstraintGeometry geomType="plane">
<InstancePath>
<Uid>right_hand-1</Uid>
<Uid>arm-1</Uid>
</InstancePath>
<Position>-0.017320508075688801 -0.0099999999999999568 0.0040000000000000036</Position>
<Axis>0 0 1</Axis>
</ConstraintGeometry>
</Coincident>
